1	0	0	2867.42	1
2	4.83926	0	2867.24	1
3	9.90217	0	2867.15	1
4	14.8252	0	2867.23	1
5	19.8391	0	2866.84	1
6	24.9147	0	2866.32	1
7	29.7447	0	2865.61	1
8	34.8839	0	2864.92	1
9	39.8309	0	2864.13	1
10	44.8365	0	2863.4	1
11	49.8632	0	2862.66	1
12	54.9369	0	2861.83	1
13	59.9207	0	2861.24	1
14	64.8927	0	2860.51	1
15	69.8128	0	2860.16	1
16	74.7408	0	2859.15	1
17	79.9526	0	2857.36	1
18	84.741	0	2855.85	1
19	89.8801	0	2854.34	1
20	94.6256	0	2852.26	1
21	99.4817	0	2850.11	1
22	104.586	0	2847.62	1
23	109.59	0	2845	1
24	114.628	0	2842.35	1
25	119.67	0	2839.64	1
26	124.612	0	2837.47	1
27	129.643	0	2835.17	1
28	134.65	0	2833.14	1
29	139.689	0	2831.18	1
30	144.683	0	2829.25	1
31	149.671	0	2827.09	1
32	154.699	0	2825.11	1
33	159.646	0	2823.63	1
34	164.592	0	2822.39	1
35	169.541	0	2819.99	1
36	174.577	0	2817.85	1
37	179.652	0	2816.35	1
38	184.574	0	2814.91	1
39	189.592	0	2813.97	1
40	194.564	0	2812.52	1
41	199.511	0	2811.25	1
42	204.538	0	2809.96	1
43	209.45	0	2809.07	1
44	214.533	0	2807.74	1
45	219.486	0	2807.13	1
46	224.535	0	2806.58	1
47	229.444	0	2805.45	1
48	234.553	0	2804.25	1
49	239.551	0	2803.14	1
50	244.524	0	2802.41	1
51	249.53	0	2801.96	1
52	254.483	0	2801.7	1
53	259.459	0	2801.77	1
54	264.549	0	2801.86	1
55	269.588	0	2801.76	1
56	274.502	0	2802.28	1
57	279.471	0	2802.21	1
58	284.483	0	2801.09	1
59	289.444	0	2799.25	1
60	294.425	0	2796.98	1
61	299.346	0	2793.89	1
62	304.657	0	2791.17	1
63	309.766	0	2789.4	1
64	314.812	0	2788.01	1
65	319.802	0	2786.97	1
66	324.842	0	2786.41	1
67	329.742	0	2785.92	1
68	334.769	0	2785.36	1
69	339.77	0	2784.74	1
70	344.788	0	2783.87	1
71	349.761	0	2782.78	1
72	354.741	0	2781.78	1
73	359.824	0	2780.78	1
74	364.798	0	2780.02	1
75	369.763	0	2779.06	1
76	374.717	0	2778.18	1
77	379.711	0	2777.41	1
78	384.733	0	2776.38	1
79	389.746	0	2775.3	1
80	394.673	0	2773.98	1
81	399.767	0	2772.76	1
82	404.715	0	2771.39	1
83	409.652	0	2770.22	1
84	414.699	0	2769.1	1
85	419.693	0	2768.01	1
86	424.665	0	2766.59	1
87	429.696	0	2765.26	1
88	434.66	0	2764.01	1
89	439.646	0	2762.97	1
90	444.643	0	2761.87	1
91	449.7	0	2760.84	1
92	454.674	0	2760.19	1
93	459.675	0	2759.69	1
94	464.666	0	2759.4	1
95	469.627	0	2759.13	1
96	474.619	0	2758.94	1
97	479.631	0	2758.87	1
98	484.586	0	2758.59	1
99	489.602	0	2758.01	1
100	494.693	0	2757.13	1
101	500.042	0	2757.02	1
102	504.574	0	2757.13	1
103	509.689	0	2757.18	1
104	514.711	0	2757.28	1
105	519.569	0	2757.16	1
106	524.575	0	2757.23	1
107	529.643	0	2757.08	1
108	534.664	0	2757.02	1
109	539.641	0	2756.99	1
110	544.72	0	2757.05	1
111	549.67	0	2757.11	1
112	554.698	0	2757.33	1
113	559.956	0	2757.41	1
114	564.965	0	2757.33	1
115	569.926	0	2757.28	1
116	575.025	0	2757.31	1
117	579.846	0	2757.19	1
118	584.881	0	2756.86	1
119	590.085	0	2756.09	1
120	595.071	0	2755.84	1
121	599.992	0	2755.67	1
122	605.159	0	2757.15	1
123	610.081	0	2757.15	1
124	615.036	0	2756.56	1
125	620.062	0	2756.33	1
126	624.915	0	2756.05	1
127	629.992	0	2756.93	1
128	634.865	0	2757.05	1
129	639.847	0	2756.86	1
130	644.831	0	2756.51	1
131	649.843	0	2756.13	1
132	654.555	0	2756.5	1
133	659.902	0	2757.33	1
134	664.855	0	2758.56	1
135	669.737	0	2759.03	1
136	674.646	0	2759.42	1
137	679.682	0	2759.95	1
138	684.708	0	2760.36	1
139	689.625	0	2760.66	1
140	694.653	0	2761.32	1
141	699.621	0	2761.97	1
142	704.699	0	2762.41	1
143	709.659	0	2762.72	1
144	714.588	0	2762.74	1
145	724.621	0	2764.1	1
146	729.718	0	2765	1
147	734.677	0	2766.18	1
148	739.575	0	2767.54	1
149	744.559	0	2768.92	1
150	749.68	0	2770.07	1
151	754.533	0	2771.11	1
152	759.484	0	2772.36	1
153	764.478	0	2773.67	1
154	769.618	0	2774.78	1
155	774.48	0	2775.84	1
156	779.58	0	2776.61	1
157	784.41	0	2777.4	1
158	789.507	0	2778.75	1
159	794.483	0	2780.16	1
160	799.615	0	2781.57	1
161	804.546	0	2782.98	1
162	809.487	0	2784.6	1
163	814.317	0	2785.99	1
164	819.345	0	2787.42	1
165	824.238	0	2788.91	1
166	829.224	0	2790.26	1
167	834.275	0	2791.6	1
168	839.169	0	2793.16	1
169	844.224	0	2794.63	1
170	849.256	0	2796.02	1
171	854.228	0	2797.54	1
172	859.193	0	2798.97	1
173	864.214	0	2800.25	1
174	869.197	0	2801.65	1
175	874.25	0	2803.15	1
176	878.931	0	2804.61	1
177	884.124	0	2805.96	1
178	888.962	0	2807.68	1
179	893.975	0	2809.34	1
180	898.961	0	2810.85	1
181	903.866	0	2812.01	1
182	908.81	0	2812.8	1
183	913.828	0	2813.83	1
184	918.839	0	2814.57	1
185	923.782	0	2814.99	1
186	928.841	0	2815.62	1
187	933.74	0	2816.23	1
188	938.692	0	2816.93	1
189	943.681	0	2817.4	1
190	948.764	0	2817.94	1
191	953.634	0	2818.54	1
192	958.716	0	2819.22	1
193	963.654	0	2819.75	1
194	968.678	0	2820.39	1
195	973.669	0	2820.98	1
196	978.569	0	2821.38	1
197	983.642	0	2821.84	1
198	988.602	0	2822.37	1
199	993.637	0	2823.02	1
200	998.641	0	2823.59	1
201	1003.57	0	2824.51	1
202	1008.59	0	2825.67	1
203	1013.59	0	2826.67	1
204	1018.52	0	2827.75	1
205	1023.55	0	2828.74	1
206	1028.54	0	2829.64	1
207	1033.49	0	2830.47	1
208	1038.6	0	2831.49	1
209	1043.45	0	2832.46	1
210	1048.41	0	2833.51	1
211	1053.45	0	2834.38	1
212	1058.46	0	2835.39	1
213	1063.48	0	2836.27	1
214	1068.47	0	2837.16	1
215	1073.47	0	2838.03	1
216	1078.46	0	2838.89	1
217	1083.44	0	2840.15	1
218	1088.42	0	2841.02	1
219	1093.47	0	2841.98	1
220	1098.43	0	2842.88	1
221	1103.46	0	2843.88	1
222	1108.47	0	2844.77	1
223	1113.43	0	2845.71	1
224	1118.5	0	2846.7	1
225	1123.42	0	2847.65	1
226	1128.38	0	2848.5	1
227	1133.38	0	2849.35	1
228	1138.41	0	2850.23	1
229	1143.43	0	2851.17	1
230	1148.42	0	2852.03	1
231	1153.36	0	2852.99	1
232	1158.39	0	2853.88	1
233	1163.39	0	2854.85	1
234	1168.3	0	2856.23	1
235	1173.23	0	2857.53	1
236	1178.27	0	2858.78	1
237	1183.31	0	2860.1	1
238	1188.29	0	2861.56	1
239	1193.27	0	2862.7	1
240	1198.25	0	2863.74	1
241	1203.15	0	2864.89	1
242	1208.26	0	2866.05	1
243	1213.15	0	2867.29	1
244	1218.26	0	2868.71	1
245	1223.22	0	2870.21	1
246	1228.26	0	2871.77	1
247	1233.11	0	2872.93	1
248	1238.27	0	2874.01	1
249	1243.23	0	2874.6	1
250	1248.22	0	2875.1	1
251	1253.21	0	2875.62	1
252	1258.13	0	2876.22	1
253	1263.15	0	2876.88	1
254	1268.17	0	2877.67	1
255	1273.23	0	2878.5	1
256	1278.21	0	2879.14	1
257	1283.24	0	2879.48	1
258	1288.18	0	2879.72	1
259	1293.22	0	2880.07	1
260	1298.17	0	2880	1
261	1303.18	0	2879.89	1
262	1308.08	0	2879.77	1
263	1313.13	0	2879.62	1
264	1318.11	0	2879.12	1
265	1323.16	0	2878.77	1
266	1328.18	0	2878.44	1
267	1333.15	0	2878.4	1
268	1338.1	0	2878.53	1
269	1343.04	0	2878.77	1
270	1348.1	0	2879.32	1
271	1353.07	0	2879.94	1
272	1357.97	0	2880.67	1
273	1363.01	0	2881.55	1
274	1367.99	0	2882.43	1
275	1372.96	0	2883.27	1
276	1377.93	0	2884.15	1
277	1382.9	0	2885.2	1
278	1387.95	0	2886.24	1
279	1392.91	0	2887.76	1
280	1397.83	0	2888.95	1
281	1402.97	0	2889.77	1
282	1407.87	0	2890.24	1
283	1412.97	0	2890.52	1
284	1418	0	2890.75	1
285	1422.91	0	2890.94	1
286	1427.83	0	2890.98	1
287	1432.92	0	2890.16	1
288	1437.89	0	2889.74	1
289	1442.86	0	2889.71	1
290	1447.9	0	2889.3	1
291	1452.95	0	2888.38	1
292	1457.94	0	2887.14	1
293	1462.89	0	2886.21	1
294	1467.91	0	2885.62	1
295	1472.87	0	2885.24	1
296	1477.97	0	2884.97	1
297	1482.93	0	2884.83	1
298	1487.96	0	2884.7	1
299	1492.91	0	2885.06	1
300	1497.93	0	2885.38	1
301	1502.84	0	2885.47	1
302	1507.84	0	2885.88	1
303	1512.88	0	2886.22	1
304	1517.87	0	2886.73	1
305	1522.74	0	2886.87	1
306	1527.78	0	2886.52	1
307	1532.85	0	2886.02	1
308	1537.79	0	2885.4	1
309	1542.84	0	2884.59	1
310	1547.89	0	2883.59	1
311	1552.82	0	2882.25	1
312	1557.92	0	2880.39	1
313	1562.77	0	2879.1	1
314	1567.88	0	2878.77	1
315	1572.89	0	2878.54	1
316	1577.89	0	2877.67	1
317	1583.31	0	2876.76	1
318	1588.1	0	2876.83	1
319	1592.92	0	2877.33	1
320	1597.84	0	2877.72	1
321	1602.79	0	2878.37	1 
